1590522306187 0.88836 1
1590522312100 0.89288 2
1590522318007 0.8997 3
1590522324010 0.9061 4
1590522330085 0.91172 5
1590522336235 0.9169 6
1590522342548 0.91978 7
1590522348766 0.92264 8
1590522355003 0.92456 9
1590522361567 0.92616 10
1590522367929 0.92852 11
1590522374395 0.93094 12
1590522380825 0.93272 13
1590522387274 0.93316 14
1590522393694 0.9345 15
1590522400341 0.93638 16
1590522406756 0.9368 17
1590522413256 0.93878 18
1590522419976 0.94118 19
1590522426503 0.94172 20
1590522433285 0.94234 21
1590522439860 0.94312 22
1590522446661 0.94406 23
1590522453096 0.94444 24
1590522460079 0.9451 25
1590522466868 0.94704 26
1590522473873 0.94762 27
1590522480624 0.94852 28
1590522487484 0.94892 29
1590522494803 0.94908 30
1590522501613 0.94868 31
1590522508459 0.94848 32
1590522515313 0.94906 33
1590522522195 0.94952 34
1590522529399 0.95006 35
1590522536343 0.95058 36
1590522543240 0.9513 37
1590522550130 0.95202 38
1590522557288 0.9521 39
1590522564519 0.9528 40
1590522571491 0.95228 41
1590522578585 0.95266 42
1590522585567 0.95252 43
1590522592222 0.9528 44
1590522599148 0.95316 45
1590522606426 0.95342 46
1590522613544 0.95378 47
1590522620434 0.9544 48
1590522627446 0.95464 49
1590522634359 0.95444 50
1590522641363 0.95486 51
1590522648216 0.95536 52
1590522655088 0.9562 53
1590522662375 0.95784 54
1590522669356 0.95772 55
1590522676449 0.95724 56
1590522683874 0.95704 57
1590522690906 0.9571 58
1590522698114 0.95726 59
1590522705478 0.95726 60
1590522712729 0.95716 61
1590522720133 0.95692 62
1590522727040 0.9566 63
1590522734160 0.95658 64
1590522741389 0.9563 65
1590522748722 0.95682 66
1590522756004 0.9556 67
1590522763261 0.95546 68
1590522770596 0.95576 69
1590522777628 0.9556 70
1590522784601 0.95532 71
1590522791880 0.95612 72
1590522799267 0.95576 73
1590522806541 0.95556 74
1590522814046 0.95518 75
1590522821455 0.9555 76
1590522828732 0.95594 77
1590522836289 0.95562 78
1590522843472 0.95582 79
1590522850913 0.95674 80
1590522858157 0.95624 81
1590522865540 0.957 82
1590522872839 0.95734 83
1590522880028 0.95696 84
1590522887446 0.95684 85
1590522894781 0.95688 86
1590522902083 0.95606 87
1590522909276 0.95636 88
1590522916376 0.95642 89
1590522923593 0.95646 90
1590522930838 0.9576 91
1590522938198 0.9578 92
1590522945803 0.95748 93
1590522953087 0.9577 94
1590522960559 0.95748 95
1590522967865 0.95752 96
1590522975145 0.95702 97
1590522982613 0.9563 98
1590522990177 0.95696 99
1590522997402 0.95702 100
1590523004623 0.95668 101
1590523012077 0.9575 102
1590523019107 0.95788 103
1590523026281 0.95832 104
1590523033681 0.95862 105
1590523041238 0.95784 106
1590523048677 0.95822 107
1590523055995 0.95848 108
1590523063376 0.95874 109
1590523070799 0.95816 110
1590523078343 0.95884 111
1590523085655 0.95854 112
1590523093026 0.95862 113
1590523100586 0.95862 114
1590523108026 0.95878 115
1590523115289 0.95882 116
1590523122756 0.95864 117
1590523130164 0.95874 118
1590523137486 0.95858 119
1590523145044 0.95878 120
1590523152346 0.95862 121
1590523159660 0.95882 122
1590523167278 0.95878 123
1590523174679 0.95878 124
1590523182102 0.95892 125
1590523189566 0.95912 126
1590523196951 0.9591 127
1590523204455 0.95904 128
1590523211696 0.95892 129
1590523219127 0.95914 130
1590523226754 0.95914 131
1590523234259 0.95942 132
1590523241801 0.9593 133
1590523249410 0.95968 134
1590523256849 0.9597 135
1590523264431 0.95906 136
1590523272160 0.95922 137
1590523279722 0.95968 138
1590523287158 0.95978 139
1590523294436 0.95928 140
1590523301837 0.9593 141
1590523309468 0.95958 142
1590523316930 0.95928 143
1590523324565 0.9594 144
1590523332139 0.95968 145
1590523339690 0.95952 146
1590523347140 0.95976 147
1590523354606 0.96026 148
1590523362009 0.95978 149
1590523369229 0.95966 150
1590523377110 0.95984 151
1590523384461 0.95982 152
1590523391895 0.96006 153
1590523399540 0.95982 154
1590523406974 0.95918 155
1590523414443 0.9599 156
1590523422220 0.95968 157
1590523429870 0.95984 158
1590523437285 0.96002 159
1590523444721 0.95982 160
1590523452362 0.9597 161
1590523459903 0.95922 162
1590523467370 0.9594 163
1590523474943 0.95958 164
1590523482691 0.95922 165
1590523490110 0.95952 166
1590523497663 0.95934 167
1590523505115 0.95934 168
1590523512518 0.95916 169
1590523520489 0.9594 170
1590523528182 0.95956 171
1590523535632 0.95974 172
1590523543151 0.95926 173
1590523550668 0.95924 174
1590523558157 0.9595 175
1590523565632 0.95938 176
1590523573148 0.95974 177
1590523580693 0.95936 178
1590523588398 0.95948 179
1590523596066 0.95948 180
1590523603571 0.95966 181
1590523611076 0.95972 182
1590523618741 0.9594 183
1590523626256 0.95978 184
1590523633636 0.96002 185
1590523641437 0.95944 186
1590523648788 0.95968 187
1590523656431 0.96 188
1590523664022 0.95978 189
1590523671814 0.95976 190
1590523679379 0.95952 191
1590523686889 0.95984 192
1590523694315 0.9599 193
1590523701989 0.95988 194
1590523709482 0.9601 195
1590523716940 0.95988 196
1590523724606 0.96028 197
1590523732431 0.96046 198
1590523739941 0.96002 199
1590523747445 0.96052 200
1590523754947 0.96014 201
1590523762414 0.96034 202
1590523769969 0.96038 203
1590523777710 0.96042 204
1590523785457 0.96062 205
1590523792865 0.96076 206
1590523800337 0.9606 207
1590523807927 0.96068 208
1590523815513 0.96068 209
1590523823130 0.96002 210
1590523831466 0.96042 211
1590523839543 0.96016 212
1590523847006 0.96012 213
1590523854555 0.9597 214
1590523862361 0.96018 215
1590523870149 0.96008 216
1590523877772 0.96026 217
1590523885195 0.96034 218
1590523892695 0.95996 219
1590523900381 0.95986 220
1590523907890 0.96018 221
1590523915601 0.9598 222
1590523923159 0.96036 223
1590523931075 0.96032 224
1590523938721 0.95994 225
1590523946296 0.9604 226
1590523953741 0.95994 227
1590523961255 0.95998 228
1590523968864 0.96026 229
1590523976419 0.96004 230
1590523983967 0.96016 231
1590523991525 0.95984 232
1590523999916 0.96004 233
1590524007394 0.95986 234
1590524015156 0.96038 235
1590524022861 0.96004 236
1590524030344 0.95996 237
1590524037852 0.96038 238
1590524045358 0.96034 239
1590524053111 0.96012 240
1590524060950 0.96086 241
1590524068805 0.9604 242
1590524076366 0.96074 243
1590524084232 0.96036 244
1590524091617 0.96016 245
1590524099144 0.96022 246
1590524106684 0.9601 247
1590524114200 0.96046 248
1590524122010 0.96032 249
1590524129490 0.96042 250
1590524137210 0.95994 251
1590524145540 0.95992 252
1590524153188 0.96 253
1590524160672 0.95996 254
1590524168353 0.96006 255
1590524175996 0.96012 256
1590524183554 0.96002 257
1590524191314 0.96014 258
1590524199123 0.96026 259
1590524206790 0.96014 260
1590524214140 0.96034 261
1590524221702 0.9605 262
1590524229119 0.96012 263
1590524236442 0.9598 264
1590524244006 0.95972 265
1590524251756 0.96034 266
1590524259519 0.96 267
1590524267002 0.9603 268
1590524274747 0.96032 269
1590524282415 0.95986 270
1590524290237 0.96018 271
1590524297881 0.95986 272
1590524305492 0.9602 273
1590524313094 0.96002 274
1590524320795 0.96012 275
1590524328250 0.95998 276
1590524335967 0.96022 277
1590524343508 0.9597 278
1590524351150 0.95986 279
1590524358866 0.9598 280
1590524366561 0.95996 281
1590524374284 0.95984 282
1590524381897 0.96006 283
1590524389503 0.96004 284
1590524397934 0.95948 285
1590524405416 0.96036 286
1590524413386 0.95982 287
1590524420862 0.96004 288
1590524429345 0.95992 289
1590524436939 0.96016 290
1590524444539 0.96022 291
1590524451921 0.96008 292
1590524459494 0.95942 293
1590524467150 0.95982 294
1590524475561 0.9597 295
1590524483103 0.96016 296
1590524490663 0.95962 297
1590524498091 0.95982 298
1590524505948 0.9595 299
1590524513737 0.95974 300
1590524521399 0.9597 301
1590524529159 0.95988 302
1590524537087 0.9597 303
1590524545146 0.95958 304
1590524552788 0.95942 305
1590524560492 0.95964 306
1590524568129 0.9595 307
1590524575565 0.96006 308
1590524583322 0.9595 309
1590524592050 0.95952 310
1590524599527 0.95988 311
1590524607122 0.9593 312
1590524614774 0.95926 313
1590524622527 0.9595 314
1590524630210 0.9598 315
1590524637707 0.95962 316
1590524645450 0.95966 317
1590524653256 0.95956 318
1590524660765 0.95982 319
1590524668243 0.95972 320
1590524675770 0.9597 321
1590524683224 0.9595 322
1590524690691 0.95974 323
1590524698121 0.9594 324
1590524705950 0.9601 325
1590524713582 0.95954 326
1590524721131 0.95992 327
1590524728476 0.95982 328
1590524735950 0.95998 329
1590524743832 0.96022 330
1590524751415 0.96004 331
1590524758972 0.96006 332
1590524766520 0.96022 333
1590524774050 0.96 334
1590524781725 0.95998 335
1590524789149 0.96046 336
1590524796851 0.9599 337
1590524804254 0.96 338
1590524811618 0.96054 339
1590524819103 0.9603 340
1590524826566 0.96018 341
1590524834292 0.96016 342
1590524842780 0.96024 343
1590524850179 0.9603 344
1590524857559 0.96068 345
1590524865274 0.96028 346
1590524872770 0.96078 347
1590524880231 0.96094 348
1590524887835 0.96038 349
1590524895377 0.96084 350
1590524903018 0.96058 351
1590524910459 0.9605 352
1590524918110 0.96036 353
1590524925789 0.96022 354
1590524933262 0.96062 355
1590524940878 0.96058 356
1590524948380 0.96026 357
1590524955868 0.9605 358
1590524963368 0.96052 359
1590524970991 0.96026 360
1590524978605 0.96056 361
1590524986058 0.96058 362
1590524993637 0.96062 363
1590525001075 0.96054 364
1590525008589 0.96056 365
1590525016051 0.96044 366
1590525023761 0.96066 367
1590525031304 0.96074 368
1590525038798 0.96048 369
1590525046501 0.96034 370
1590525054070 0.96084 371
1590525061487 0.9607 372
1590525069048 0.96014 373
1590525076616 0.9607 374
1590525084280 0.96052 375
1590525091758 0.96076 376
1590525100207 0.96076 377
1590525107599 0.96084 378
1590525115109 0.96086 379
1590525122465 0.96048 380
1590525130223 0.96096 381
1590525137726 0.9604 382
1590525145199 0.96062 383
1590525152819 0.96068 384
1590525160489 0.96048 385
1590525167961 0.96078 386
1590525175495 0.96052 387
1590525183184 0.96042 388
1590525190657 0.96052 389
1590525198287 0.96096 390
1590525205873 0.96032 391
1590525213189 0.9606 392
1590525220546 0.96062 393
1590525228167 0.96054 394
1590525235760 0.96096 395
1590525243198 0.96074 396
1590525250939 0.96084 397
1590525258295 0.96076 398
1590525265854 0.96064 399
1590525273372 0.96074 400
1590525280871 0.96098 401
1590525288412 0.96126 402
1590525295966 0.9606 403
1590525303479 0.96082 404
1590525312027 0.96044 405
1590525319659 0.96076 406
1590525327257 0.9609 407
1590525334886 0.96044 408
1590525342446 0.96082 409
1590525350064 0.96072 410
1590525357544 0.96058 411
1590525365121 0.96028 412
1590525373775 0.96036 413
1590525382059 0.96044 414
1590525389529 0.96034 415
1590525396940 0.96058 416
1590525404574 0.96068 417
1590525411975 0.9606 418
1590525419498 0.96032 419
1590525426979 0.96052 420
1590525434827 0.96072 421
1590525442241 0.96046 422
1590525449863 0.96048 423
1590525458212 0.96052 424
1590525465589 0.9608 425
1590525473198 0.9605 426
1590525480663 0.96066 427
1590525488266 0.96058 428
1590525495737 0.96044 429
1590525503215 0.96032 430
1590525510951 0.96038 431
1590525519409 0.96022 432
1590525526883 0.96094 433
1590525534405 0.96048 434
1590525542122 0.96024 435
1590525549598 0.9601 436
1590525557244 0.96034 437
1590525564842 0.96032 438
1590525572440 0.96032 439
1590525580092 0.96026 440
1590525587547 0.96 441
1590525595183 0.96066 442
1590525602610 0.96004 443
1590525610310 0.96034 444
1590525617906 0.96056 445
1590525625432 0.96032 446
1590525633110 0.96044 447
1590525640771 0.96054 448
1590525648334 0.96094 449
1590525656858 0.9602 450
1590525664239 0.96042 451
1590525671776 0.96036 452
1590525679172 0.96024 453
1590525686607 0.96074 454
1590525694264 0.96034 455
1590525701820 0.96038 456
1590525709477 0.96074 457
1590525717006 0.96042 458
1590525724467 0.9606 459
1590525732117 0.96048 460
1590525739969 0.9606 461
1590525747801 0.9606 462
1590525755346 0.9606 463
1590525763134 0.96042 464
1590525770658 0.96046 465
1590525778129 0.96026 466
1590525786118 0.9607 467
1590525793531 0.9607 468
1590525801097 0.96076 469
1590525808879 0.96084 470
1590525816744 0.96056 471
1590525824270 0.9604 472
1590525832616 0.96056 473
1590525840150 0.96078 474
1590525847674 0.96058 475
1590525855215 0.96042 476
1590525862639 0.96056 477
1590525870188 0.96044 478
1590525877812 0.96078 479
1590525885581 0.9608 480
1590525893150 0.96076 481
1590525900696 0.96032 482
1590525908150 0.9603 483
1590525915845 0.9605 484
1590525923554 0.9608 485
1590525931256 0.96072 486
1590525938675 0.9607 487
1590525946288 0.96062 488
1590525954027 0.96082 489
1590525961626 0.96072 490
1590525969976 0.9601 491
1590525977427 0.96086 492
1590525985192 0.96064 493
1590525992806 0.9602 494
1590526000379 0.96054 495
1590526007527 0.96066 496
1590526015018 0.96062 497
1590526022890 0.961 498
1590526030599 0.96092 499
1590526038366 0.96082 500
1590526045997 0.96094 501
1590526053438 0.96062 502
1590526061139 0.9607 503
1590526068819 0.9604 504
1590526076400 0.9609 505
1590526084237 0.9607 506
1590526091766 0.96068 507
1590526099312 0.96102 508
1590526107713 0.96086 509
1590526116296 0.96086 510
1590526124282 0.96088 511
1590526131627 0.96046 512
1590526139217 0.9609 513
1590526147243 0.96066 514
1590526154732 0.96096 515
1590526162305 0.96056 516
1590526169950 0.96094 517
1590526177447 0.96066 518
1590526184828 0.96094 519
1590526192467 0.96088 520
1590526200127 0.96082 521
1590526207867 0.96052 522
1590526215394 0.96024 523
1590526223053 0.96066 524
1590526230634 0.96038 525
1590526238070 0.96028 526
1590526245440 0.96062 527
1590526253004 0.9602 528
1590526260682 0.96064 529
1590526268895 0.96094 530
1590526276533 0.9605 531
1590526283896 0.96112 532
1590526291640 0.96058 533
1590526299235 0.96094 534
1590526307925 0.96066 535
1590526315555 0.96066 536
1590526323377 0.96138 537
1590526330834 0.96048 538
1590526338380 0.96086 539
1590526345920 0.96068 540
1590526353331 0.96062 541
1590526360640 0.96072 542
1590526368407 0.96064 543
1590526376248 0.96052 544
1590526384015 0.96068 545
1590526391805 0.96084 546
1590526399401 0.96064 547
1590526407089 0.9609 548
1590526414699 0.96092 549
1590526422502 0.96058 550
1590526430553 0.96082 551
1590526437886 0.96092 552
1590526445277 0.96072 553
1590526453031 0.96092 554
1590526460655 0.96046 555
1590526468487 0.96048 556
1590526476346 0.96052 557
1590526484003 0.96062 558
1590526491777 0.96062 559
1590526499348 0.96086 560
1590526507244 0.96076 561
1590526514998 0.9606 562
1590526523193 0.96062 563
1590526530914 0.96092 564
1590526538469 0.96072 565
1590526546086 0.96032 566
1590526553547 0.9606 567
1590526561203 0.96046 568
1590526568797 0.96056 569
1590526576418 0.96076 570
1590526584344 0.96044 571
1590526591962 0.96074 572
1590526599593 0.96066 573
1590526608104 0.96058 574
1590526616751 0.96088 575
1590526624391 0.96074 576
1590526632001 0.96102 577
1590526639744 0.96104 578
1590526647500 0.96112 579
1590526656000 0.9606 580
1590526663618 0.9607 581
1590526670970 0.96108 582
1590526678675 0.96072 583
1590526686278 0.96076 584
1590526694229 0.96066 585
1590526701940 0.96074 586
1590526709561 0.96058 587
1590526717166 0.9606 588
1590526725176 0.96066 589
1590526732697 0.96048 590
1590526740444 0.96064 591
1590526748248 0.96124 592
1590526755896 0.9606 593
1590526763490 0.96094 594
1590526771112 0.96072 595
1590526778710 0.96096 596
1590526786325 0.96022 597
1590526793864 0.96104 598
1590526801505 0.96104 599
1590526809109 0.96078 600
1590526817812 0.96064 601
1590526825171 0.9606 602
1590526832839 0.96078 603
1590526840231 0.96084 604
1590526847654 0.96062 605
1590526855293 0.96076 606
1590526862844 0.96058 607
1590526870427 0.96058 608
1590526879248 0.96062 609
1590526886772 0.9611 610
1590526894862 0.96048 611
1590526902175 0.96116 612
1590526909671 0.96118 613
1590526917173 0.96046 614
1590526924768 0.96056 615
1590526932281 0.96042 616
1590526939809 0.96052 617
1590526947027 0.96048 618
1590526955589 0.96066 619
1590526962994 0.96074 620
1590526970558 0.96074 621
1590526979205 0.96058 622
1590526986722 0.96052 623
1590526994029 0.96062 624
1590527001699 0.96062 625
1590527009364 0.96086 626
1590527017825 0.96076 627
1590527025153 0.96068 628
1590527032646 0.96082 629
1590527039958 0.9605 630
1590527047690 0.96068 631
1590527055210 0.96108 632
1590527062818 0.96036 633
1590527070879 0.96084 634
1590527078600 0.96072 635
1590527086241 0.96074 636
1590527093589 0.96084 637
1590527101164 0.96034 638
1590527109565 0.96096 639
1590527116995 0.9608 640
1590527124401 0.96082 641
1590527131932 0.96074 642
1590527139435 0.96078 643
1590527146841 0.9607 644
1590527154335 0.96062 645
1590527162348 0.96082 646
1590527169951 0.9606 647
1590527177491 0.96074 648
1590527185248 0.96074 649
1590527192695 0.9605 650
1590527200197 0.96048 651
1590527207672 0.96072 652
1590527216270 0.9605 653
1590527223783 0.96098 654
1590527231434 0.96092 655
1590527238850 0.96082 656
1590527246413 0.9608 657
1590527254251 0.96084 658
1590527261826 0.96088 659
1590527269273 0.96076 660
1590527276897 0.96072 661
1590527284601 0.96046 662
1590527292241 0.96094 663
1590527299762 0.96056 664
1590527307414 0.96036 665
1590527314925 0.9611 666
1590527323395 0.96124 667
1590527330916 0.96068 668
1590527339090 0.96094 669
1590527346548 0.96118 670
1590527354068 0.96082 671
1590527361571 0.96112 672
1590527368929 0.96074 673
1590527376508 0.9609 674
1590527384087 0.9606 675
1590527391539 0.96094 676
1590527399328 0.96064 677
1590527406875 0.96088 678
1590527414346 0.9609 679
1590527422120 0.96122 680
1590527429479 0.96082 681
1590527437920 0.96116 682
1590527445345 0.96088 683
1590527453034 0.96088 684
1590527460514 0.96052 685
1590527468046 0.96096 686
1590527476391 0.96056 687
1590527483989 0.96056 688
1590527491476 0.96062 689
1590527500140 0.96082 690
1590527507732 0.9608 691
1590527515382 0.96098 692
1590527522835 0.96072 693
1590527530389 0.96092 694
1590527537893 0.96052 695
1590527545403 0.96074 696
1590527553232 0.96052 697
1590527560852 0.96116 698
1590527568536 0.96052 699
1590527576150 0.96068 700
1590527583550 0.96072 701
1590527591073 0.96064 702
1590527598820 0.96052 703
1590527606442 0.96064 704
1590527614033 0.9607 705
1590527621519 0.96042 706
1590527628851 0.96074 707
1590527636367 0.96066 708
1590527644192 0.96048 709
1590527651976 0.96064 710
1590527660450 0.96074 711
1590527668072 0.96088 712
1590527675712 0.96106 713
1590527683210 0.9607 714
1590527690705 0.96114 715
1590527698247 0.96054 716
1590527705866 0.96064 717
1590527713425 0.9608 718
1590527721765 0.96074 719
1590527729485 0.96048 720
1590527736891 0.96106 721
1590527744382 0.9607 722
1590527752002 0.9607 723
1590527759653 0.96104 724
1590527767144 0.96118 725
1590527774654 0.9605 726
1590527782166 0.96088 727
1590527790668 0.96102 728
1590527798526 0.96066 729
1590527806027 0.9607 730
1590527813519 0.96078 731
1590527821162 0.961 732
1590527828621 0.96078 733
1590527837333 0.9607 734
1590527844827 0.96042 735
1590527852613 0.96048 736
1590527860133 0.96074 737
1590527867707 0.96068 738
1590527875350 0.96066 739
1590527883130 0.96052 740
1590527890619 0.96048 741
1590527898475 0.96052 742
1590527906178 0.96054 743
1590527913881 0.96076 744
1590527921588 0.96074 745
1590527929291 0.9609 746
1590527936860 0.96094 747
1590527944330 0.9607 748
1590527951959 0.96078 749
1590527959549 0.96078 750
1590527967098 0.96072 751
1590527974831 0.96088 752
1590527982686 0.96054 753
1590527990441 0.96058 754
1590527997902 0.96084 755
1590528005459 0.9604 756
1590528012969 0.96084 757
1590528020585 0.96084 758
1590528028264 0.96084 759
1590528035814 0.96086 760
1590528043251 0.96068 761
1590528051411 0.96054 762
1590528058956 0.96062 763
1590528066505 0.96058 764
1590528074074 0.96096 765
1590528081583 0.9612 766
1590528089736 0.96072 767
1590528097349 0.96078 768
1590528104816 0.96088 769
1590528112202 0.961 770
1590528119834 0.96092 771
1590528127548 0.96082 772
1590528135180 0.96074 773
1590528142747 0.96066 774
1590528150676 0.961 775
1590528158364 0.96076 776
1590528165818 0.96084 777
1590528173300 0.9608 778
1590528180925 0.96066 779
1590528188368 0.96088 780
1590528196079 0.96106 781
1590528203672 0.96064 782
1590528211222 0.96058 783
1590528218799 0.96082 784
1590528226613 0.9612 785
1590528234343 0.96068 786
1590528241706 0.96068 787
1590528249168 0.96084 788
1590528256759 0.9609 789
1590528264256 0.9608 790
1590528271704 0.96122 791
1590528280250 0.96072 792
1590528287762 0.96072 793
1590528295179 0.96082 794
1590528302695 0.96078 795
1590528310273 0.9605 796
1590528318066 0.96092 797
1590528325611 0.9608 798
1590528333306 0.96092 799
1590528341022 0.96084 800
1590528348732 0.96078 801
1590528356303 0.9612 802
1590528363832 0.96066 803
1590528371410 0.96102 804
1590528379301 0.96114 805
1590528386997 0.9608 806
1590528394605 0.96068 807
1590528402495 0.96066 808
1590528410108 0.96076 809
1590528417813 0.96092 810
1590528425453 0.96102 811
1590528433194 0.96126 812
1590528440772 0.96092 813
1590528448438 0.96104 814
1590528456307 0.96064 815
1590528463945 0.96064 816
1590528471464 0.9611 817
1590528479433 0.96106 818
1590528486860 0.96084 819
1590528494504 0.96058 820
1590528502768 0.96082 821
1590528510485 0.96098 822
1590528518273 0.96098 823
1590528525927 0.96072 824
1590528533481 0.96078 825
1590528541163 0.96092 826
1590528548788 0.96116 827
1590528556266 0.96116 828
1590528563684 0.961 829
1590528571603 0.9611 830
1590528579429 0.96088 831
1590528587113 0.96092 832
1590528594977 0.96132 833
1590528602690 0.96092 834
1590528610640 0.96104 835
1590528618332 0.96088 836
1590528626286 0.96076 837
1590528633676 0.96108 838
1590528641451 0.96104 839
1590528649077 0.96044 840
1590528656785 0.96078 841
1590528664416 0.9609 842
1590528672231 0.96062 843
1590528679857 0.96064 844
1590528687506 0.96052 845
1590528695939 0.96068 846
1590528703404 0.96088 847
1590528711025 0.96098 848
1590528718818 0.961 849
1590528726486 0.96116 850
1590528734115 0.9609 851
1590528741947 0.96062 852
1590528749725 0.96088 853
1590528757327 0.96058 854
1590528765095 0.96074 855
1590528772780 0.96104 856
1590528780640 0.96092 857
1590528788198 0.96088 858
1590528796128 0.96076 859
1590528804077 0.96062 860
1590528811725 0.96086 861
1590528819206 0.96068 862
1590528826649 0.96098 863
1590528834208 0.961 864
1590528841784 0.96062 865
1590528849222 0.96078 866
1590528856737 0.96098 867
1590528865261 0.96088 868
1590528872788 0.96134 869
1590528880826 0.96086 870
1590528888227 0.9611 871
1590528896158 0.96096 872
1590528903619 0.96102 873
1590528911254 0.96116 874
1590528918687 0.96128 875
1590528926308 0.96102 876
1590528933887 0.96098 877
1590528941325 0.96074 878
1590528949189 0.96088 879
1590528956553 0.96098 880
1590528964106 0.96066 881
1590528971571 0.9603 882
1590528979408 0.96046 883
1590528986767 0.96102 884
1590528994393 0.96062 885
1590529001900 0.96092 886
1590529010233 0.96072 887
1590529017612 0.96042 888
1590529025026 0.96084 889
1590529032455 0.96086 890
1590529040114 0.96104 891
1590529047577 0.9609 892
1590529055172 0.96078 893
1590529062719 0.96042 894
1590529070173 0.96062 895
1590529077806 0.96074 896
1590529085292 0.96082 897
1590529092885 0.96074 898
1590529101181 0.9606 899
1590529109244 0.96084 900
1590529116751 0.96062 901
1590529124401 0.96082 902
1590529131945 0.9609 903
1590529139717 0.9608 904
1590529147131 0.96064 905
1590529154641 0.96098 906
1590529162030 0.96068 907
1590529169423 0.96096 908
1590529176998 0.96094 909
1590529184721 0.96104 910
1590529192149 0.96122 911
1590529199567 0.96106 912
1590529207150 0.96086 913
1590529214474 0.96096 914
1590529221898 0.96034 915
1590529229302 0.961 916
1590529236692 0.96054 917
1590529244267 0.96048 918
1590529251962 0.96036 919
1590529260376 0.96108 920
1590529267900 0.96084 921
1590529275430 0.96076 922
1590529282890 0.9608 923
1590529290467 0.96108 924
1590529298091 0.96078 925
1590529305418 0.96072 926
1590529312972 0.9612 927
1590529320508 0.9608 928
1590529327891 0.96062 929
1590529335250 0.96066 930
1590529342981 0.96078 931
1590529350965 0.96082 932
1590529358367 0.96088 933
1590529365875 0.96068 934
1590529373309 0.96076 935
1590529381630 0.96112 936
1590529389033 0.96064 937
1590529396441 0.96108 938
1590529404065 0.9609 939
1590529411406 0.96076 940
1590529418945 0.96014 941
1590529427329 0.96088 942
1590529434820 0.96052 943
1590529442159 0.96094 944
1590529449834 0.96098 945
1590529457411 0.96088 946
1590529464918 0.96082 947
1590529472199 0.96076 948
1590529479803 0.96108 949
1590529487456 0.96058 950
1590529495186 0.96078 951
1590529502650 0.96088 952
1590529510231 0.96066 953
1590529517764 0.96092 954
1590529526346 0.96092 955
1590529534202 0.9605 956
1590529541850 0.96104 957
1590529549494 0.96106 958
1590529556903 0.96068 959
1590529564609 0.96082 960
1590529571953 0.9606 961
1590529579466 0.96092 962
1590529586992 0.96068 963
1590529594607 0.9603 964
1590529602209 0.96072 965
1590529609754 0.96056 966
1590529617450 0.96078 967
1590529624897 0.96046 968
1590529632328 0.96046 969
1590529640166 0.96034 970
1590529647684 0.9607 971
1590529655377 0.96098 972
1590529663423 0.96098 973
1590529670833 0.96078 974
1590529678319 0.96062 975
1590529685868 0.9606 976
1590529693466 0.96088 977
1590529700804 0.96074 978
1590529708476 0.96072 979
1590529716172 0.96118 980
1590529723657 0.9606 981
1590529731384 0.96054 982
1590529739074 0.96108 983
1590529746543 0.96036 984
1590529754156 0.96112 985
1590529761799 0.96096 986
1590529769328 0.96062 987
1590529777006 0.9609 988
1590529784759 0.96054 989
1590529792337 0.96094 990
1590529799905 0.961 991
1590529807428 0.961 992
1590529815203 0.96062 993
1590529823509 0.9608 994
1590529831003 0.9606 995
1590529839374 0.96098 996
1590529846971 0.96042 997
1590529854402 0.96066 998
1590529862183 0.96076 999
1590529869875 0.96062 1000
