1590529882652 0.88154 1
1590529893170 0.89144 2
1590529904122 0.89848 3
1590529914982 0.90424 4
1590529925906 0.9058 5
1590529936751 0.90852 6
1590529947466 0.91738 7
1590529959039 0.92202 8
1590529969927 0.92742 9
1590529980898 0.9333 10
1590529991574 0.93736 11
1590530002389 0.9402 12
1590530013152 0.94218 13
1590530023969 0.94496 14
1590530035051 0.94874 15
1590530045776 0.95106 16
1590530056850 0.95262 17
1590530067724 0.9541 18
1590530079400 0.95482 19
1590530090251 0.9552 20
1590530101296 0.95678 21
1590530112266 0.95876 22
1590530123277 0.96058 23
1590530133805 0.9616 24
1590530145393 0.9611 25
1590530155960 0.9621 26
1590530166478 0.96166 27
1590530177406 0.9626 28
1590530188184 0.96468 29
1590530199588 0.96504 30
1590530210343 0.96534 31
1590530221231 0.9656 32
1590530232448 0.96666 33
1590530243817 0.96626 34
1590530254632 0.96864 35
1590530266036 0.96826 36
1590530276853 0.9682 37
1590530287822 0.96854 38
1590530298566 0.97034 39
1590530309680 0.97062 40
1590530320643 0.97138 41
1590530331520 0.97158 42
1590530343422 0.9722 43
1590530354899 0.97236 44
1590530365892 0.97136 45
1590530376984 0.97264 46
1590530388401 0.97344 47
1590530399389 0.97324 48
1590530410263 0.97336 49
1590530421332 0.97384 50
1590530432163 0.97396 51
1590530443308 0.9739 52
1590530454821 0.97434 53
1590530465555 0.97424 54
1590530476392 0.97484 55
1590530487617 0.97532 56
1590530498549 0.97558 57
1590530509863 0.97604 58
1590530521937 0.9766 59
1590530532789 0.9762 60
1590530543632 0.97622 61
1590530554629 0.9764 62
1590530566099 0.97604 63
1590530576865 0.97598 64
1590530588753 0.97586 65
1590530599575 0.9759 66
1590530610670 0.97596 67
1590530622067 0.97578 68
1590530632844 0.97524 69
1590530644784 0.97604 70
1590530655914 0.97636 71
1590530666844 0.97596 72
1590530677343 0.97644 73
1590530688182 0.97716 74
1590530699114 0.97668 75
1590530709574 0.97652 76
1590530721154 0.97702 77
1590530732806 0.97666 78
1590530743563 0.97644 79
1590530754451 0.9764 80
1590530765155 0.9767 81
1590530776632 0.9767 82
1590530788192 0.97676 83
1590530798996 0.97684 84
1590530809900 0.97672 85
1590530821376 0.97656 86
1590530832646 0.9769 87
1590530843261 0.9766 88
1590530853764 0.97686 89
1590530864431 0.9766 90
1590530874993 0.97696 91
1590530886099 0.97692 92
1590530897630 0.97716 93
1590530908448 0.97724 94
1590530919638 0.97724 95
1590530930558 0.97738 96
1590530941681 0.97748 97
1590530952310 0.9773 98
1590530964045 0.9772 99
1590530974839 0.9773 100
1590530985816 0.97732 101
1590530996448 0.97748 102
1590531008071 0.97748 103
1590531019761 0.9778 104
1590531030520 0.97794 105
1590531041292 0.97752 106
1590531052656 0.97726 107
1590531064406 0.97774 108
1590531075319 0.97732 109
1590531086005 0.97748 110
1590531096829 0.97758 111
1590531107711 0.97744 112
1590531118557 0.9773 113
1590531129156 0.9773 114
1590531139909 0.97742 115
1590531150756 0.9772 116
1590531161739 0.97716 117
1590531173462 0.97796 118
1590531184315 0.9781 119
1590531194989 0.97806 120
1590531205926 0.97826 121
1590531216916 0.97814 122
1590531227891 0.97838 123
1590531238742 0.97776 124
1590531249380 0.97798 125
1590531260435 0.9778 126
1590531271382 0.9778 127
1590531282119 0.97814 128
1590531292926 0.97814 129
1590531303666 0.97788 130
1590531314402 0.9781 131
1590531325395 0.97804 132
1590531336126 0.97826 133
1590531347424 0.97806 134
1590531358990 0.97816 135
1590531369809 0.97798 136
1590531381557 0.97816 137
1590531392506 0.97794 138
1590531403117 0.97812 139
1590531414850 0.97792 140
1590531425635 0.97832 141
1590531436717 0.97836 142
1590531447472 0.97844 143
1590531459128 0.97846 144
1590531470013 0.97872 145
1590531481057 0.97862 146
1590531491930 0.9791 147
1590531502840 0.97844 148
1590531513755 0.97836 149
1590531524681 0.97834 150
1590531535323 0.9784 151
1590531546358 0.97872 152
1590531557327 0.97852 153
1590531568513 0.97872 154
1590531579285 0.97824 155
1590531590130 0.9782 156
1590531601078 0.9784 157
1590531612203 0.9788 158
1590531623264 0.9786 159
1590531634233 0.97872 160
1590531645239 0.97858 161
1590531656849 0.97858 162
1590531667679 0.97832 163
1590531678574 0.9785 164
1590531689312 0.97858 165
1590531700763 0.97864 166
1590531711597 0.97846 167
1590531722987 0.9783 168
1590531733879 0.97854 169
1590531744779 0.97818 170
1590531756485 0.97816 171
1590531767726 0.97822 172
1590531779382 0.97814 173
1590531790191 0.97814 174
1590531800928 0.97836 175
1590531811598 0.9781 176
1590531822763 0.97858 177
1590531834043 0.97878 178
1590531844764 0.97876 179
1590531856288 0.97862 180
1590531867819 0.97858 181
1590531878720 0.979 182
1590531889711 0.97866 183
1590531900380 0.9791 184
1590531911065 0.97914 185
1590531922233 0.9791 186
1590531932965 0.97906 187
1590531944475 0.97904 188
1590531955219 0.9792 189
1590531966938 0.97904 190
1590531977708 0.97938 191
1590531989418 0.9794 192
1590532000233 0.97928 193
1590532011198 0.97916 194
1590532022056 0.9791 195
1590532033148 0.97942 196
1590532043888 0.9792 197
1590532055081 0.9796 198
1590532066004 0.97918 199
1590532076700 0.97934 200
1590532087751 0.97944 201
1590532098590 0.9794 202
1590532110139 0.97944 203
1590532121005 0.97896 204
1590532132440 0.97912 205
1590532143404 0.97886 206
1590532154966 0.97918 207
1590532165832 0.97918 208
1590532177293 0.97914 209
1590532188834 0.97926 210
1590532199791 0.9791 211
1590532210669 0.97888 212
1590532221597 0.97896 213
1590532232942 0.97884 214
1590532243643 0.97916 215
1590532254781 0.97902 216
1590532265535 0.97892 217
1590532276918 0.97824 218
1590532287718 0.97854 219
1590532298521 0.97878 220
1590532309519 0.97874 221
1590532320701 0.9787 222
1590532332529 0.9792 223
1590532343399 0.97878 224
1590532354663 0.97912 225
1590532365686 0.9789 226
1590532376366 0.97902 227
1590532387290 0.9789 228
1590532398181 0.97892 229
1590532409285 0.97866 230
1590532420192 0.9789 231
1590532430971 0.97888 232
1590532442466 0.9789 233
1590532453251 0.97892 234
1590532464044 0.97896 235
1590532475124 0.97874 236
1590532486045 0.97896 237
1590532497131 0.97862 238
1590532508280 0.97886 239
1590532519054 0.97902 240
1590532529989 0.97896 241
1590532540937 0.97888 242
1590532552691 0.97878 243
1590532563589 0.97888 244
1590532575280 0.9787 245
1590532586435 0.97876 246
1590532597404 0.97862 247
1590532608386 0.97866 248
1590532619307 0.97872 249
1590532630062 0.97898 250
1590532641811 0.97906 251
1590532652709 0.979 252
1590532663643 0.9787 253
1590532674455 0.97878 254
1590532685106 0.97908 255
1590532696900 0.979 256
1590532707962 0.97878 257
1590532718854 0.97858 258
1590532730220 0.97874 259
1590532741175 0.9786 260
1590532751847 0.97824 261
1590532763376 0.97836 262
1590532774154 0.97846 263
1590532785550 0.97862 264
1590532796281 0.97874 265
1590532807206 0.97868 266
1590532818613 0.97888 267
1590532829513 0.9786 268
1590532840600 0.97882 269
1590532851947 0.97874 270
1590532862861 0.97878 271
1590532873707 0.9783 272
1590532885116 0.9787 273
1590532895820 0.9787 274
1590532906843 0.9784 275
1590532917803 0.97856 276
1590532928586 0.97862 277
1590532939386 0.97874 278
1590532950031 0.97866 279
1590532960673 0.9789 280
1590532972314 0.97874 281
1590532983043 0.97858 282
1590532993744 0.97846 283
1590533004242 0.97864 284
1590533015049 0.9789 285
1590533026259 0.97834 286
1590533037227 0.97884 287
1590533048011 0.9788 288
1590533058680 0.97862 289
1590533069591 0.97852 290
1590533080635 0.97872 291
1590533091644 0.97872 292
1590533102614 0.9792 293
1590533113508 0.9792 294
1590533124409 0.97896 295
1590533135119 0.979 296
1590533146835 0.97908 297
1590533157579 0.97892 298
1590533168546 0.97928 299
1590533179937 0.97898 300
1590533190802 0.97896 301
1590533202100 0.9789 302
1590533213521 0.97916 303
1590533224583 0.9788 304
1590533235360 0.9789 305
1590533246300 0.97886 306
1590533257348 0.979 307
1590533268385 0.979 308
1590533279137 0.97892 309
1590533290663 0.9791 310
1590533302266 0.97878 311
1590533313527 0.97902 312
1590533325093 0.97884 313
1590533335903 0.979 314
1590533347402 0.97934 315
1590533358018 0.97892 316
1590533369202 0.9791 317
1590533379733 0.9788 318
1590533391472 0.97868 319
1590533401990 0.97886 320
1590533412848 0.97902 321
1590533423603 0.97866 322
1590533434543 0.97908 323
1590533445512 0.97898 324
1590533457016 0.97892 325
1590533468114 0.97878 326
1590533478760 0.97906 327
1590533489604 0.97876 328
1590533500272 0.97902 329
1590533511152 0.97878 330
1590533521970 0.97892 331
1590533533720 0.97886 332
1590533544544 0.97908 333
1590533555340 0.97878 334
1590533566063 0.97898 335
1590533576734 0.97914 336
1590533587561 0.97864 337
1590533599526 0.97864 338
1590533610461 0.97884 339
1590533621372 0.9787 340
1590533632746 0.97882 341
1590533644273 0.97882 342
1590533654885 0.97858 343
1590533666484 0.97878 344
1590533677249 0.97904 345
1590533687897 0.9789 346
1590533698764 0.9787 347
1590533709312 0.97914 348
1590533720142 0.97846 349
1590533730968 0.9788 350
1590533741762 0.9789 351
1590533752557 0.97888 352
1590533763326 0.97854 353
1590533774645 0.9788 354
1590533785855 0.9788 355
1590533796846 0.97888 356
1590533807415 0.97902 357
1590533818313 0.97874 358
1590533828778 0.97924 359
1590533840373 0.97898 360
1590533851402 0.97904 361
1590533862871 0.97884 362
1590533873751 0.97898 363
1590533884577 0.97884 364
1590533895780 0.97894 365
1590533906716 0.97894 366
1590533917478 0.97864 367
1590533928379 0.97896 368
1590533939342 0.97894 369
1590533950248 0.9788 370
1590533961051 0.97908 371
1590533971684 0.97934 372
1590533983067 0.97876 373
1590533994872 0.97914 374
1590534005552 0.9789 375
1590534016300 0.979 376
1590534027387 0.97902 377
1590534037970 0.97922 378
1590534048958 0.97914 379
1590534059858 0.97922 380
1590534070917 0.97892 381
1590534081765 0.97894 382
1590534092562 0.97904 383
1590534103262 0.97908 384
1590534114824 0.97906 385
1590534126497 0.97872 386
1590534137230 0.9791 387
1590534147965 0.97908 388
1590534159112 0.97942 389
1590534170519 0.97894 390
1590534181301 0.97904 391
1590534192373 0.9792 392
1590534203395 0.979 393
1590534215372 0.9792 394
1590534226688 0.9792 395
1590534238163 0.97926 396
1590534249827 0.97922 397
1590534260305 0.9791 398
1590534271720 0.97892 399
1590534283024 0.97886 400
1590534293752 0.97906 401
1590534305251 0.97906 402
1590534315854 0.97924 403
1590534327741 0.97928 404
1590534338850 0.97864 405
1590534349698 0.9788 406
1590534361824 0.97922 407
1590534372764 0.97876 408
1590534383630 0.9791 409
1590534394401 0.97908 410
1590534405206 0.97888 411
1590534416572 0.9791 412
1590534427924 0.9791 413
1590534438604 0.97906 414
1590534449991 0.97908 415
1590534460933 0.97888 416
1590534471913 0.97912 417
1590534483313 0.97914 418
1590534494253 0.97928 419
1590534505451 0.97894 420
1590534516352 0.97922 421
1590534527337 0.97926 422
1590534538521 0.97892 423
1590534549282 0.97928 424
1590534560241 0.97876 425
1590534571627 0.97894 426
1590534582413 0.9792 427
1590534593399 0.97896 428
1590534604232 0.97892 429
1590534615879 0.9789 430
1590534626745 0.97898 431
1590534638348 0.9792 432
1590534649181 0.97888 433
1590534660111 0.9792 434
1590534671831 0.97916 435
1590534682617 0.97888 436
1590534693768 0.97892 437
1590534705600 0.97932 438
1590534716484 0.979 439
1590534727519 0.97912 440
1590534738350 0.97892 441
1590534749312 0.9794 442
1590534760351 0.97916 443
1590534771378 0.97952 444
1590534782755 0.9791 445
1590534794038 0.97916 446
1590534805114 0.9789 447
1590534815925 0.97888 448
1590534826902 0.9793 449
1590534838204 0.97924 450
1590534849122 0.97924 451
1590534860645 0.97882 452
1590534871409 0.97902 453
1590534882350 0.97892 454
1590534893069 0.97882 455
1590534904318 0.9791 456
1590534915889 0.97914 457
1590534927218 0.97906 458
1590534937972 0.97892 459
1590534949448 0.9789 460
1590534960299 0.97908 461
1590534971219 0.979 462
1590534981751 0.9792 463
1590534992555 0.97932 464
1590535003270 0.97894 465
1590535013934 0.979 466
1590535025477 0.97918 467
1590535036732 0.97904 468
1590535047434 0.9791 469
1590535058929 0.97884 470
1590535069853 0.97892 471
1590535080653 0.97904 472
1590535091194 0.97922 473
1590535102752 0.97888 474
1590535113742 0.97906 475
1590535124505 0.97898 476
1590535135789 0.97908 477
1590535146466 0.9789 478
1590535157435 0.97928 479
1590535167965 0.97884 480
1590535178896 0.9791 481
1590535190029 0.97862 482
1590535200845 0.97918 483
1590535211752 0.97904 484
1590535223208 0.97904 485
1590535234048 0.97902 486
1590535244845 0.97902 487
1590535255528 0.97918 488
1590535266382 0.97888 489
1590535277744 0.97922 490
1590535289558 0.97892 491
1590535300303 0.97872 492
1590535311995 0.97896 493
1590535322891 0.97904 494
1590535333732 0.97886 495
1590535344523 0.97906 496
1590535355115 0.97896 497
1590535365655 0.97902 498
1590535376751 0.97872 499
1590535387532 0.97894 500
1590535398977 0.97928 501
1590535410535 0.97904 502
1590535421106 0.9788 503
1590535431585 0.97922 504
1590535443487 0.97902 505
1590535454286 0.97908 506
1590535465121 0.97862 507
1590535475987 0.9792 508
1590535486710 0.97908 509
1590535497322 0.97908 510
1590535508193 0.97894 511
1590535519504 0.97894 512
1590535530587 0.97916 513
1590535541020 0.97874 514
1590535552106 0.97936 515
1590535563549 0.97926 516
1590535574467 0.97906 517
1590535585326 0.97878 518
1590535597071 0.97894 519
1590535608357 0.97874 520
1590535619695 0.97908 521
1590535630840 0.97882 522
1590535641650 0.979 523
1590535652827 0.97894 524
1590535663430 0.97924 525
1590535674019 0.97884 526
1590535686011 0.979 527
1590535696895 0.97888 528
1590535708165 0.97906 529
1590535719472 0.97888 530
1590535731196 0.97902 531
1590535742031 0.97888 532
1590535752724 0.97904 533
1590535763309 0.97888 534
1590535774721 0.97894 535
1590535786108 0.9788 536
1590535797603 0.97882 537
1590535808405 0.97874 538
1590535819916 0.97904 539
1590535830674 0.9787 540
1590535841728 0.97882 541
1590535852652 0.97898 542
1590535863076 0.9791 543
1590535873765 0.97886 544
1590535884663 0.9788 545
1590535895702 0.97874 546
1590535906512 0.97912 547
1590535917945 0.97904 548
1590535928857 0.97878 549
1590535939915 0.97862 550
1590535950413 0.97896 551
1590535961172 0.97878 552
1590535971834 0.97886 553
1590535982973 0.97888 554
1590535993706 0.97894 555
1590536004638 0.9788 556
1590536015389 0.97892 557
1590536026068 0.97924 558
1590536036860 0.97894 559
1590536047726 0.979 560
1590536058360 0.97888 561
1590536069556 0.97896 562
1590536080268 0.97876 563
1590536092029 0.97842 564
1590536102884 0.9787 565
1590536113745 0.97888 566
1590536124531 0.97892 567
1590536135402 0.97876 568
1590536146315 0.97898 569
1590536157216 0.97894 570
1590536168101 0.9787 571
1590536178879 0.97884 572
1590536189692 0.97896 573
1590536201233 0.97888 574
1590536212067 0.97906 575
1590536222724 0.9788 576
1590536233646 0.97878 577
1590536245279 0.97874 578
1590536255868 0.9792 579
1590536266755 0.97894 580
1590536278077 0.97922 581
1590536289350 0.97888 582
1590536299866 0.97898 583
1590536311228 0.97866 584
1590536321989 0.979 585
1590536332861 0.97894 586
1590536343952 0.97914 587
1590536354882 0.97888 588
1590536365639 0.97878 589
1590536376501 0.9789 590
1590536386909 0.97896 591
1590536397955 0.9789 592
1590536409056 0.97902 593
1590536420263 0.97882 594
1590536430875 0.97902 595
1590536441798 0.979 596
1590536452594 0.97892 597
1590536464143 0.9791 598
1590536475979 0.97882 599
1590536486687 0.97888 600
1590536497518 0.97888 601
1590536508718 0.97898 602
1590536519501 0.97882 603
1590536530582 0.97884 604
1590536541560 0.97886 605
1590536553242 0.9787 606
1590536563984 0.97898 607
1590536575831 0.979 608
1590536586777 0.9786 609
1590536597875 0.9789 610
1590536608674 0.97914 611
1590536620255 0.97888 612
1590536631034 0.97874 613
1590536642054 0.9789 614
1590536652761 0.97866 615
1590536663803 0.97878 616
1590536674694 0.97886 617
1590536686285 0.9788 618
1590536697063 0.97878 619
1590536707697 0.97914 620
1590536719399 0.97858 621
1590536730292 0.97906 622
1590536741215 0.97876 623
1590536751961 0.97862 624
1590536763030 0.97874 625
1590536774021 0.979 626
1590536784909 0.97864 627
1590536795903 0.97898 628
1590536806966 0.97884 629
1590536818672 0.97892 630
1590536829496 0.9788 631
1590536841115 0.97854 632
1590536852181 0.97866 633
1590536863591 0.97866 634
1590536874513 0.97884 635
1590536885503 0.97896 636
1590536897228 0.979 637
1590536907996 0.9788 638
1590536918730 0.97894 639
1590536930252 0.97864 640
1590536941310 0.97912 641
1590536953046 0.97904 642
1590536963992 0.97882 643
1590536975644 0.97856 644
1590536986706 0.97888 645
1590536997738 0.97888 646
1590537009626 0.97894 647
1590537020590 0.97876 648
1590537031487 0.97882 649
1590537042256 0.97888 650
1590537053281 0.9791 651
1590537065076 0.9786 652
1590537075800 0.97866 653
1590537086568 0.97912 654
1590537098173 0.9789 655
1590537108938 0.9791 656
1590537119727 0.9788 657
1590537131042 0.97896 658
1590537141665 0.97884 659
1590537152839 0.9788 660
1590537163726 0.97904 661
1590537174572 0.97906 662
1590537185184 0.97914 663
1590537195947 0.97904 664
1590537206953 0.97896 665
1590537217839 0.97882 666
1590537228555 0.97902 667
1590537239439 0.97902 668
1590537250087 0.97916 669
1590537261596 0.9789 670
1590537272407 0.97904 671
1590537282935 0.97904 672
1590537293907 0.97898 673
1590537304690 0.97848 674
1590537315709 0.9789 675
1590537326307 0.9792 676
1590537337363 0.97902 677
1590537348019 0.97876 678
1590537358946 0.97922 679
1590537370565 0.97902 680
1590537381237 0.97864 681
1590537392821 0.9786 682
1590537403593 0.97894 683
1590537414227 0.97888 684
1590537424747 0.97896 685
1590537435427 0.97902 686
1590537446147 0.9791 687
1590537456952 0.9787 688
1590537468603 0.97902 689
1590537479358 0.97876 690
1590537490575 0.97902 691
1590537501287 0.9789 692
1590537511921 0.97896 693
1590537522623 0.9791 694
1590537533443 0.97892 695
1590537545146 0.97924 696
1590537555731 0.97898 697
1590537566452 0.979 698
1590537577194 0.97882 699
1590537588653 0.97906 700
1590537600027 0.97914 701
1590537610671 0.97908 702
1590537621496 0.9785 703
1590537632499 0.97852 704
1590537643021 0.97892 705
1590537653702 0.9789 706
1590537665381 0.97882 707
1590537676166 0.97894 708
1590537687473 0.97912 709
1590537698226 0.97862 710
1590537709179 0.9789 711
1590537719985 0.97882 712
1590537730836 0.97882 713
1590537741465 0.9787 714
1590537752365 0.9789 715
1590537763208 0.97894 716
1590537773966 0.97896 717
1590537785324 0.9787 718
1590537796034 0.9788 719
1590537806866 0.9789 720
1590537817467 0.97908 721
1590537828467 0.97892 722
1590537839338 0.97902 723
1590537850550 0.97916 724
1590537861878 0.97884 725
1590537872721 0.97908 726
1590537883935 0.9789 727
1590537895277 0.97882 728
1590537905798 0.97898 729
1590537916663 0.97894 730
1590537927316 0.97862 731
1590537938099 0.97878 732
1590537948949 0.97886 733
1590537959775 0.97878 734
1590537970544 0.97886 735
1590537981426 0.97884 736
1590537992402 0.97898 737
1590538003150 0.97886 738
1590538014579 0.97862 739
1590538025959 0.97876 740
1590538036828 0.97902 741
1590538048216 0.97902 742
1590538058906 0.97888 743
1590538069583 0.97872 744
1590538080453 0.97886 745
1590538091186 0.97882 746
1590538102007 0.9786 747
1590538112611 0.97874 748
1590538123954 0.97868 749
1590538134694 0.97892 750
1590538146111 0.97878 751
1590538156969 0.97868 752
1590538167832 0.97882 753
1590538178571 0.97872 754
1590538189538 0.97898 755
1590538201043 0.97898 756
1590538211615 0.97888 757
1590538223030 0.97914 758
1590538233937 0.97862 759
1590538244744 0.97888 760
1590538255566 0.9791 761
1590538266240 0.97874 762
1590538276955 0.97884 763
1590538287888 0.9789 764
1590538299296 0.97878 765
1590538310153 0.97888 766
1590538321898 0.9786 767
1590538333116 0.9787 768
1590538344010 0.97886 769
1590538354948 0.97904 770
1590538365441 0.97878 771
1590538376293 0.97902 772
1590538387778 0.97902 773
1590538398305 0.9789 774
1590538409232 0.97898 775
1590538420191 0.97898 776
1590538431151 0.9788 777
1590538441840 0.97896 778
1590538453184 0.97878 779
1590538463690 0.97902 780
1590538474640 0.97892 781
1590538486307 0.97912 782
1590538496896 0.97886 783
1590538508777 0.97888 784
1590538519563 0.97878 785
1590538530292 0.97886 786
1590538540949 0.97902 787
1590538552732 0.97892 788
1590538563552 0.97892 789
1590538574312 0.97904 790
1590538584971 0.97862 791
1590538595947 0.97912 792
1590538607077 0.9788 793
1590538618313 0.9791 794
1590538629381 0.97862 795
1590538640266 0.97888 796
1590538651108 0.97892 797
1590538662292 0.97874 798
1590538673190 0.9792 799
1590538683880 0.97878 800
1590538694599 0.97864 801
1590538705436 0.97902 802
1590538716429 0.97854 803
1590538727192 0.97878 804
1590538738871 0.97904 805
1590538749713 0.97868 806
1590538760594 0.97902 807
1590538771728 0.97876 808
1590538782941 0.97882 809
1590538794348 0.97856 810
1590538805315 0.97868 811
1590538816906 0.97894 812
1590538827697 0.97876 813
1590538838577 0.9789 814
1590538849124 0.97892 815
1590538860046 0.97856 816
1590538870796 0.97868 817
1590538881876 0.97868 818
1590538892979 0.97892 819
1590538904176 0.97886 820
1590538915236 0.97866 821
1590538926581 0.9788 822
1590538937996 0.97882 823
1590538948725 0.9785 824
1590538959675 0.97906 825
1590538970547 0.97904 826
1590538981551 0.97884 827
1590538992492 0.97906 828
1590539003495 0.9785 829
1590539014507 0.97886 830
1590539025556 0.97892 831
1590539036899 0.97882 832
1590539047689 0.9787 833
1590539058661 0.97898 834
1590539069724 0.97872 835
1590539080976 0.97886 836
1590539092011 0.9785 837
1590539103366 0.979 838
1590539114340 0.9788 839
1590539125186 0.97902 840
1590539135987 0.97906 841
1590539146916 0.97906 842
1590539157643 0.97882 843
1590539168545 0.97902 844
1590539179912 0.97896 845
1590539190579 0.97882 846
1590539201357 0.97864 847
1590539212564 0.97894 848
1590539224002 0.97896 849
1590539235016 0.979 850
1590539246164 0.97892 851
1590539256986 0.97856 852
1590539267775 0.97882 853
1590539278689 0.97878 854
1590539289562 0.9791 855
1590539300557 0.9789 856
1590539312177 0.9788 857
1590539322513 0.97882 858
1590539333170 0.9788 859
1590539344002 0.97902 860
1590539355345 0.97882 861
1590539365945 0.9788 862
1590539376819 0.97872 863
1590539387638 0.97874 864
1590539398537 0.97906 865
1590539409852 0.97874 866
1590539421103 0.9791 867
1590539432250 0.97856 868
1590539443503 0.97894 869
1590539453997 0.97904 870
1590539465469 0.9789 871
1590539476220 0.97916 872
1590539487471 0.97854 873
1590539498555 0.97862 874
1590539509250 0.97848 875
1590539520429 0.9788 876
1590539531174 0.97896 877
1590539542233 0.97896 878
1590539553652 0.97876 879
1590539564401 0.9788 880
1590539575273 0.97886 881
1590539586072 0.97884 882
1590539596973 0.97912 883
1590539607534 0.97874 884
1590539618622 0.97892 885
1590539629262 0.97882 886
1590539640219 0.97902 887
1590539651159 0.9791 888
1590539661835 0.97886 889
1590539672692 0.97902 890
1590539683551 0.9789 891
1590539694830 0.97868 892
1590539705599 0.97886 893
1590539716349 0.97868 894
1590539727228 0.97904 895
1590539738215 0.9789 896
1590539749727 0.97904 897
1590539761265 0.97874 898
1590539771903 0.97886 899
1590539782607 0.97916 900
1590539794121 0.97892 901
1590539805219 0.97872 902
1590539816116 0.97886 903
1590539827320 0.9789 904
1590539838124 0.97926 905
1590539848880 0.9787 906
1590539859525 0.97886 907
1590539870282 0.97916 908
1590539881278 0.97926 909
1590539892786 0.97916 910
1590539903372 0.9787 911
1590539914643 0.97902 912
1590539925480 0.9792 913
1590539936220 0.97888 914
1590539947700 0.97906 915
1590539959086 0.9787 916
1590539969969 0.97846 917
1590539980659 0.9789 918
1590539991643 0.97864 919
1590540002397 0.97906 920
1590540013224 0.97882 921
1590540023904 0.97888 922
1590540034653 0.97874 923
1590540045488 0.97906 924
1590540056945 0.97906 925
1590540067777 0.97908 926
1590540078778 0.97904 927
1590540090302 0.97884 928
1590540101037 0.9788 929
1590540111908 0.97884 930
1590540122812 0.97888 931
1590540133443 0.97878 932
1590540143972 0.9791 933
1590540155122 0.97904 934
1590540166840 0.97882 935
1590540177501 0.9792 936
1590540189536 0.97878 937
1590540200354 0.97896 938
1590540211110 0.9789 939
1590540221955 0.97892 940
1590540232722 0.9788 941
1590540244136 0.97904 942
1590540254980 0.97912 943
1590540265644 0.97882 944
1590540276366 0.97874 945
1590540287376 0.9789 946
1590540298308 0.97908 947
1590540309746 0.97882 948
1590540320518 0.97916 949
1590540331437 0.97898 950
1590540342660 0.97882 951
1590540353469 0.97872 952
1590540364454 0.9791 953
1590540375397 0.97876 954
1590540386089 0.97886 955
1590540397867 0.97892 956
1590540409170 0.97884 957
1590540420014 0.97878 958
1590540430727 0.97848 959
1590540441412 0.97838 960
1590540452374 0.97892 961
1590540463258 0.97898 962
1590540473874 0.97884 963
1590540485637 0.97868 964
1590540496728 0.9788 965
1590540507276 0.97876 966
1590540518222 0.97892 967
1590540529042 0.97888 968
1590540540005 0.97874 969
1590540551140 0.97882 970
1590540561688 0.97898 971
1590540572388 0.9786 972
1590540583420 0.97898 973
1590540594475 0.97884 974
1590540605474 0.979 975
1590540616104 0.97896 976
1590540627068 0.9788 977
1590540637865 0.97874 978
1590540648579 0.97896 979
1590540659403 0.97916 980
1590540670240 0.979 981
1590540681248 0.9788 982
1590540691921 0.97878 983
1590540702961 0.97892 984
1590540714441 0.97888 985
1590540725398 0.97908 986
1590540736354 0.97878 987
1590540747828 0.97886 988
1590540758629 0.97882 989
1590540769815 0.97872 990
1590540780769 0.97894 991
1590540791494 0.9789 992
1590540802273 0.979 993
1590540813369 0.9791 994
1590540824216 0.97908 995
1590540835447 0.97886 996
1590540847046 0.97896 997
1590540857598 0.97908 998
1590540868339 0.97902 999
1590540879431 0.9789 1000
