1590540895234 0.93116 1
1590540909551 0.93706 2
1590540923573 0.94288 3
1590540938658 0.94664 4
1590540953291 0.94924 5
1590540967175 0.95128 6
1590540982146 0.95464 7
1590540996040 0.95724 8
1590541010030 0.9589 9
1590541024229 0.9607 10
1590541038517 0.96334 11
1590541053292 0.96432 12
1590541066878 0.9656 13
1590541081524 0.9675 14
1590541095628 0.96842 15
1590541110041 0.96858 16
1590541124167 0.97072 17
1590541138866 0.97114 18
1590541153629 0.97264 19
1590541168069 0.9741 20
1590541181983 0.97424 21
1590541196286 0.97494 22
1590541211603 0.97626 23
1590541226567 0.97646 24
1590541241025 0.97718 25
1590541255257 0.97738 26
1590541269845 0.97802 27
1590541284264 0.97852 28
1590541298804 0.97826 29
1590541312707 0.97862 30
1590541326782 0.9789 31
1590541340905 0.97968 32
1590541355848 0.98016 33
1590541370583 0.98054 34
1590541385583 0.98056 35
1590541401192 0.98072 36
1590541415340 0.98162 37
1590541429367 0.98186 38
1590541443900 0.98186 39
1590541457986 0.98218 40
1590541472347 0.9821 41
1590541486359 0.9823 42
1590541500626 0.98284 43
1590541514611 0.9832 44
1590541528545 0.983 45
1590541542792 0.98346 46
1590541557436 0.9834 47
1590541571795 0.98344 48
1590541586085 0.98368 49
1590541600333 0.98394 50
1590541614407 0.98394 51
1590541628505 0.98412 52
1590541643324 0.98406 53
1590541657828 0.98438 54
1590541672211 0.98436 55
1590541686951 0.98434 56
1590541701413 0.98458 57
1590541716505 0.98464 58
1590541730510 0.98486 59
1590541744717 0.98472 60
1590541759319 0.98452 61
1590541773689 0.98524 62
1590541788371 0.98496 63
1590541802773 0.9851 64
1590541817625 0.9853 65
1590541832137 0.98582 66
1590541846102 0.98604 67
1590541861176 0.98596 68
1590541875294 0.986 69
1590541889474 0.98582 70
1590541903657 0.98586 71
1590541918114 0.98608 72
1590541932333 0.98582 73
1590541946658 0.9859 74
1590541961178 0.98594 75
1590541975901 0.98636 76
1590541989984 0.98636 77
1590542005071 0.98636 78
1590542019887 0.98628 79
1590542034090 0.98644 80
1590542048715 0.9862 81
1590542064412 0.98642 82
1590542079810 0.98672 83
1590542095451 0.98668 84
1590542111723 0.98656 85
1590542127158 0.98646 86
1590542141652 0.98636 87
1590542156554 0.98664 88
1590542170832 0.98634 89
1590542185007 0.9865 90
1590542199838 0.98624 91
1590542214515 0.98656 92
1590542229624 0.98686 93
1590542243797 0.98674 94
1590542258010 0.98676 95
1590542272937 0.98682 96
1590542287268 0.98674 97
1590542301190 0.98646 98
1590542316227 0.98652 99
1590542330838 0.98682 100
1590542344607 0.98656 101
1590542358349 0.98652 102
1590542372455 0.98666 103
1590542387067 0.9867 104
1590542402591 0.98672 105
1590542416636 0.98694 106
1590542430875 0.98702 107
1590542445361 0.98706 108
1590542458846 0.98692 109
1590542473216 0.98724 110
1590542488475 0.98742 111
1590542502614 0.98724 112
1590542517043 0.98712 113
1590542531094 0.98704 114
1590542545882 0.9875 115
1590542559951 0.98726 116
1590542574042 0.98742 117
1590542588323 0.98716 118
1590542603209 0.9871 119
1590542617829 0.9871 120
1590542631884 0.98724 121
1590542646064 0.9871 122
1590542660518 0.987 123
1590542674842 0.98716 124
1590542688721 0.98728 125
1590542703449 0.98708 126
1590542717461 0.98706 127
1590542732465 0.98712 128
1590542746701 0.98726 129
1590542760644 0.98694 130
1590542775156 0.98752 131
1590542789281 0.98726 132
1590542803811 0.98724 133
1590542818013 0.98752 134
1590542832252 0.98738 135
1590542846208 0.98726 136
1590542861054 0.98728 137
1590542875300 0.98692 138
1590542889999 0.98722 139
1590542904030 0.98744 140
1590542918469 0.98724 141
1590542932447 0.98746 142
1590542946766 0.9874 143
1590542960750 0.98744 144
1590542975522 0.98742 145
1590542989883 0.98742 146
1590543003791 0.9874 147
1590543018838 0.98728 148
1590543033260 0.98726 149
1590543047399 0.9874 150
1590543061386 0.98734 151
1590543075963 0.98736 152
1590543090329 0.98728 153
1590543105050 0.98744 154
1590543119256 0.9871 155
1590543133250 0.98728 156
1590543148524 0.9875 157
1590543162724 0.98732 158
1590543176891 0.98726 159
1590543191575 0.98742 160
1590543205627 0.9874 161
1590543220834 0.9875 162
1590543234618 0.98772 163
1590543248644 0.9877 164
1590543263014 0.98746 165
1590543277425 0.98782 166
1590543291587 0.98756 167
1590543306504 0.98788 168
1590543320577 0.98796 169
1590543335193 0.98752 170
1590543349818 0.98754 171
1590543364436 0.9876 172
1590543378469 0.98774 173
1590543392749 0.98782 174
1590543408003 0.98786 175
1590543422895 0.9878 176
1590543437787 0.98792 177
1590543451899 0.9877 178
1590543466145 0.98746 179
1590543480420 0.98776 180
1590543494626 0.98768 181
1590543509340 0.98784 182
1590543524310 0.9877 183
1590543538362 0.98782 184
1590543552403 0.98746 185
1590543567212 0.98776 186
1590543581631 0.98776 187
1590543596034 0.98748 188
1590543610072 0.98762 189
1590543624603 0.9878 190
1590543639616 0.98786 191
1590543653460 0.98758 192
1590543667421 0.98786 193
1590543682781 0.98732 194
1590543697290 0.98762 195
1590543711406 0.98784 196
1590543726110 0.98752 197
1590543741030 0.98774 198
1590543755949 0.98772 199
1590543769798 0.9877 200
1590543784120 0.98752 201
1590543799065 0.98786 202
1590543813227 0.9879 203
1590543827537 0.98798 204
1590543841602 0.98786 205
1590543855904 0.98784 206
1590543870655 0.98748 207
1590543885308 0.98774 208
1590543899618 0.98788 209
1590543913768 0.98792 210
1590543928337 0.98808 211
1590543942509 0.98812 212
1590543956634 0.98804 213
1590543971077 0.98792 214
1590543985495 0.98804 215
1590544000257 0.98816 216
1590544014240 0.98796 217
1590544028647 0.98816 218
1590544043166 0.98794 219
1590544057095 0.98792 220
1590544071152 0.98796 221
1590544085313 0.988 222
1590544100046 0.98806 223
1590544114548 0.9882 224
1590544128927 0.98826 225
1590544143063 0.9883 226
1590544157649 0.98824 227
1590544171973 0.9883 228
1590544186680 0.9883 229
1590544201043 0.98818 230
1590544215685 0.98808 231
1590544229851 0.98822 232
1590544244235 0.98814 233
1590544258366 0.98852 234
1590544272861 0.98832 235
1590544286987 0.98852 236
1590544301410 0.98844 237
1590544315988 0.98816 238
1590544330373 0.98832 239
1590544344738 0.98854 240
1590544358622 0.98842 241
1590544373448 0.98816 242
1590544388200 0.98832 243
1590544402547 0.98808 244
1590544416742 0.9884 245
1590544431323 0.98842 246
1590544445194 0.9882 247
1590544459625 0.98814 248
1590544474150 0.98808 249
1590544488769 0.98822 250
1590544503057 0.98836 251
1590544517473 0.98828 252
1590544531389 0.98832 253
1590544545795 0.98838 254
1590544560668 0.98822 255
1590544575252 0.98856 256
1590544589481 0.98824 257
1590544603284 0.98816 258
1590544618608 0.98808 259
1590544633582 0.98842 260
1590544648617 0.9885 261
1590544662816 0.98846 262
1590544677090 0.9885 263
1590544691572 0.98838 264
1590544706346 0.98826 265
1590544720854 0.98838 266
1590544735588 0.9884 267
1590544749808 0.98836 268
1590544764393 0.98846 269
1590544779096 0.98822 270
1590544793991 0.98858 271
1590544808601 0.98826 272
1590544823634 0.9882 273
1590544837596 0.98828 274
1590544851693 0.98826 275
1590544865776 0.9886 276
1590544879939 0.98838 277
1590544894422 0.9886 278
1590544909407 0.98858 279
1590544923646 0.98854 280
1590544937876 0.98854 281
1590544951905 0.98858 282
1590544966798 0.98854 283
1590544980907 0.9886 284
1590544995884 0.98868 285
1590545009775 0.98852 286
1590545024236 0.98826 287
1590545038759 0.98852 288
1590545053018 0.98846 289
1590545067307 0.98874 290
1590545081309 0.9883 291
1590545095349 0.9884 292
1590545110574 0.98854 293
1590545125517 0.98834 294
1590545140293 0.98826 295
1590545154805 0.9884 296
1590545169294 0.98864 297
1590545183333 0.9887 298
1590545197606 0.98854 299
1590545211170 0.9885 300
1590545226259 0.9887 301
1590545240395 0.98824 302
1590545254877 0.9883 303
1590545269156 0.9881 304
1590545283685 0.9884 305
1590545298789 0.98842 306
1590545313209 0.98828 307
1590545327215 0.9881 308
1590545341061 0.98824 309
1590545355173 0.98844 310
1590545369685 0.98846 311
1590545384545 0.98832 312
1590545398261 0.98836 313
1590545412737 0.9883 314
1590545426800 0.98846 315
1590545442155 0.98828 316
1590545456178 0.9883 317
1590545471166 0.98836 318
1590545485204 0.98834 319
1590545499193 0.98864 320
1590545514023 0.98838 321
1590545528570 0.98834 322
1590545543181 0.9883 323
1590545556880 0.9884 324
1590545571518 0.98836 325
1590545585994 0.9884 326
1590545599952 0.98852 327
1590545613974 0.9884 328
1590545628295 0.98838 329
1590545642384 0.98854 330
1590545656229 0.98856 331
1590545670725 0.9885 332
1590545685104 0.9885 333
1590545699126 0.98856 334
1590545713579 0.98844 335
1590545727744 0.9884 336
1590545742291 0.98852 337
1590545756416 0.9887 338
1590545769906 0.98864 339
1590545784310 0.9885 340
1590545799153 0.98844 341
1590545813764 0.98848 342
1590545827538 0.9884 343
1590545842230 0.9884 344
1590545856250 0.98836 345
1590545870388 0.98828 346
1590545884509 0.98856 347
1590545899173 0.9884 348
1590545913018 0.98856 349
1590545927033 0.9884 350
1590545941476 0.9886 351
1590545955748 0.98864 352
1590545969692 0.98856 353
1590545984184 0.9885 354
1590545998523 0.9885 355
1590546012726 0.9886 356
1590546026988 0.98858 357
1590546041003 0.98862 358
1590546055803 0.9884 359
1590546069960 0.9886 360
1590546084831 0.98844 361
1590546099016 0.98876 362
1590546113233 0.98868 363
1590546127822 0.98836 364
1590546141528 0.98856 365
1590546155710 0.98872 366
1590546169729 0.98838 367
1590546183650 0.98866 368
1590546197633 0.98868 369
1590546211462 0.98844 370
1590546225502 0.98854 371
1590546239916 0.98822 372
1590546254290 0.98852 373
1590546268775 0.98864 374
1590546282746 0.98876 375
1590546296794 0.9885 376
1590546310974 0.98832 377
1590546325661 0.98858 378
1590546339554 0.98844 379
1590546353197 0.9886 380
1590546367998 0.98844 381
1590546381649 0.9884 382
1590546395535 0.98854 383
1590546409441 0.98866 384
1590546423362 0.98874 385
1590546437346 0.98834 386
1590546451285 0.98836 387
1590546465189 0.98854 388
1590546479573 0.98854 389
1590546493148 0.98846 390
1590546506875 0.9884 391
1590546520669 0.98876 392
1590546534344 0.98828 393
1590546548153 0.9886 394
1590546561998 0.98846 395
1590546575699 0.9884 396
1590546589519 0.98844 397
1590546603438 0.98802 398
1590546617194 0.98808 399
1590546630854 0.9883 400
1590546644738 0.98818 401
1590546658509 0.9884 402
1590546672430 0.98854 403
1590546686306 0.98856 404
1590546700226 0.98836 405
1590546713562 0.98846 406
1590546727359 0.98844 407
1590546741181 0.98816 408
1590546754705 0.98848 409
1590546767734 0.98842 410
1590546781600 0.98856 411
1590546795131 0.9886 412
1590546808561 0.9886 413
1590546822200 0.9885 414
1590546835951 0.98834 415
1590546849714 0.98832 416
1590546863465 0.98844 417
1590546876418 0.98836 418
1590546890177 0.9886 419
1590546903919 0.98854 420
1590546917650 0.98848 421
1590546931251 0.98838 422
1590546944877 0.9887 423
1590546958437 0.98866 424
1590546971992 0.9883 425
1590546985741 0.98832 426
1590546999209 0.98872 427
1590547013281 0.98846 428
1590547026364 0.98862 429
1590547040042 0.9885 430
1590547054013 0.98842 431
1590547067435 0.98876 432
1590547081148 0.98854 433
1590547094801 0.98852 434
1590547108662 0.98854 435
1590547122732 0.98884 436
1590547136685 0.9887 437
1590547150192 0.98846 438
1590547163471 0.9885 439
1590547176701 0.9885 440
1590547190312 0.98834 441
1590547204667 0.98842 442
1590547218204 0.9886 443
1590547231445 0.9883 444
1590547245616 0.98858 445
1590547259581 0.98866 446
1590547273412 0.9887 447
1590547287167 0.98838 448
1590547300892 0.9888 449
1590547314776 0.98848 450
1590547328132 0.98858 451
1590547342144 0.98852 452
1590547355926 0.98858 453
1590547369340 0.9887 454
1590547383083 0.98862 455
1590547396789 0.98854 456
1590547410180 0.98864 457
1590547423888 0.9887 458
1590547437633 0.98854 459
1590547451431 0.9885 460
1590547465129 0.98848 461
1590547478487 0.9886 462
1590547491909 0.98848 463
1590547505447 0.98858 464
1590547518890 0.98872 465
1590547532276 0.9886 466
1590547545766 0.98856 467
1590547559594 0.98856 468
1590547573262 0.98848 469
1590547586845 0.9884 470
1590547600811 0.98864 471
1590547614642 0.9887 472
1590547628379 0.98862 473
1590547641993 0.98882 474
1590547655174 0.98864 475
1590547668744 0.98866 476
1590547681832 0.9884 477
1590547694962 0.98862 478
1590547708552 0.98854 479
1590547722569 0.98836 480
1590547735656 0.9886 481
1590547748743 0.98854 482
1590547762485 0.98842 483
1590547776281 0.98856 484
1590547790008 0.98858 485
1590547803604 0.9885 486
1590547817121 0.9885 487
1590547830466 0.98848 488
1590547844147 0.98876 489
1590547857952 0.98876 490
1590547871619 0.9886 491
1590547885309 0.98866 492
1590547898248 0.98854 493
1590547911835 0.9887 494
1590547925664 0.98874 495
1590547939208 0.9887 496
1590547952835 0.9885 497
1590547966478 0.9887 498
1590547980060 0.98844 499
1590547993362 0.98858 500
1590548006680 0.98828 501
1590548020143 0.98866 502
1590548034000 0.98852 503
1590548047815 0.98876 504
1590548062222 0.9885 505
1590548075951 0.98848 506
1590548089588 0.9884 507
1590548103257 0.98872 508
1590548116423 0.98866 509
1590548130045 0.9887 510
1590548143924 0.98842 511
1590548157578 0.98878 512
1590548171319 0.98838 513
1590548184240 0.9884 514
1590548198184 0.98872 515
1590548211403 0.98842 516
1590548224875 0.9883 517
1590548238103 0.98838 518
1590548251771 0.98836 519
1590548265476 0.98842 520
1590548279242 0.98858 521
1590548292808 0.98844 522
1590548305887 0.98854 523
1590548319376 0.98864 524
1590548332869 0.9886 525
1590548346785 0.9886 526
1590548360760 0.98856 527
1590548374503 0.98848 528
1590548388128 0.98836 529
1590548401762 0.9885 530
1590548415510 0.98818 531
1590548429526 0.98848 532
1590548443136 0.98828 533
1590548456854 0.98838 534
1590548470270 0.98838 535
1590548483422 0.98874 536
1590548497196 0.98854 537
1590548511286 0.98866 538
1590548524919 0.98846 539
1590548538661 0.98862 540
1590548552054 0.98858 541
1590548565346 0.98842 542
1590548579406 0.9885 543
1590548593245 0.98834 544
1590548607178 0.98852 545
1590548621094 0.98876 546
1590548634713 0.9885 547
1590548648044 0.98844 548
1590548661954 0.98874 549
1590548674884 0.98854 550
1590548688413 0.98846 551
1590548702145 0.98838 552
1590548716026 0.98834 553
1590548729733 0.98854 554
1590548743417 0.98836 555
1590548757075 0.9886 556
1590548770876 0.98838 557
1590548784338 0.9885 558
1590548798142 0.98858 559
1590548812026 0.9884 560
1590548825713 0.98858 561
1590548839184 0.98844 562
1590548852185 0.98858 563
1590548865215 0.9887 564
1590548879003 0.9885 565
1590548892687 0.98828 566
1590548906231 0.9884 567
1590548919733 0.98854 568
1590548932774 0.98842 569
1590548947093 0.98836 570
1590548960748 0.98836 571
1590548974167 0.98828 572
1590548987171 0.98842 573
1590549000849 0.98844 574
1590549014602 0.98852 575
1590549028219 0.98828 576
1590549041230 0.98864 577
1590549055391 0.98834 578
1590549069143 0.98844 579
1590549082767 0.98868 580
1590549096130 0.9886 581
1590549109992 0.98852 582
1590549123743 0.98866 583
1590549137427 0.98864 584
1590549150784 0.98842 585
1590549164262 0.98824 586
1590549177501 0.9886 587
1590549191262 0.9886 588
1590549205048 0.98842 589
1590549218783 0.9886 590
1590549232291 0.98848 591
1590549246014 0.9886 592
1590549259328 0.98836 593
1590549273163 0.98844 594
1590549286690 0.9885 595
1590549300463 0.9886 596
1590549314151 0.9886 597
1590549327997 0.98858 598
1590549341405 0.9884 599
1590549354470 0.9886 600
1590549368187 0.98846 601
1590549381186 0.98852 602
1590549394657 0.98852 603
1590549408375 0.98854 604
1590549421948 0.9885 605
1590549435534 0.9885 606
1590549449250 0.98856 607
1590549463283 0.98868 608
1590549476913 0.98864 609
1590549490479 0.98864 610
1590549504154 0.98864 611
1590549517998 0.98836 612
1590549531160 0.98834 613
1590549544794 0.98866 614
1590549558644 0.9885 615
1590549572192 0.98846 616
1590549586081 0.98852 617
1590549599856 0.98858 618
1590549613352 0.98844 619
1590549627059 0.98844 620
1590549640836 0.98822 621
1590549654777 0.9886 622
1590549667840 0.98882 623
1590549681582 0.98852 624
1590549695560 0.98844 625
1590549708778 0.9886 626
1590549722104 0.98822 627
1590549736021 0.98868 628
1590549749691 0.98876 629
1590549763348 0.98838 630
1590549777464 0.98856 631
1590549791136 0.98848 632
1590549804984 0.98848 633
1590549818629 0.98848 634
1590549832110 0.98854 635
1590549845156 0.98842 636
1590549858435 0.98854 637
1590549872040 0.98852 638
1590549885972 0.98856 639
1590549898926 0.98842 640
1590549912802 0.98826 641
1590549926437 0.9886 642
1590549940611 0.9885 643
1590549954289 0.98864 644
1590549968306 0.98834 645
1590549982190 0.9885 646
1590549995805 0.9886 647
1590550009449 0.98862 648
1590550022608 0.98858 649
1590550036255 0.98854 650
1590550049369 0.98836 651
1590550063118 0.98848 652
1590550076509 0.98838 653
1590550090090 0.98876 654
1590550103679 0.98842 655
1590550117156 0.9885 656
1590550130540 0.98858 657
1590550144583 0.9886 658
1590550158398 0.98848 659
1590550171441 0.98856 660
1590550185342 0.9886 661
1590550199041 0.98846 662
1590550212601 0.9883 663
1590550225818 0.98856 664
1590550239352 0.9885 665
1590550252521 0.98852 666
1590550266487 0.98876 667
1590550280048 0.98854 668
1590550293425 0.98844 669
1590550307154 0.98852 670
1590550321385 0.98846 671
1590550334944 0.98866 672
1590550348709 0.98874 673
1590550362397 0.98832 674
1590550376170 0.98834 675
1590550389836 0.98836 676
1590550403680 0.98836 677
1590550417532 0.98876 678
1590550431171 0.98842 679
1590550445021 0.98852 680
1590550459027 0.9884 681
1590550473417 0.9882 682
1590550487356 0.98852 683
1590550501208 0.9885 684
1590550515037 0.9884 685
1590550529506 0.98842 686
1590550543291 0.98832 687
1590550557875 0.98878 688
1590550571860 0.98826 689
1590550586683 0.98846 690
1590550601045 0.98846 691
1590550615005 0.98858 692
1590550628895 0.98866 693
1590550642918 0.9888 694
1590550656968 0.9887 695
1590550670986 0.9884 696
1590550685077 0.98848 697
1590550699181 0.98852 698
1590550713703 0.98862 699
1590550727229 0.98862 700
1590550741529 0.98866 701
1590550755349 0.98874 702
1590550769454 0.98854 703
1590550783700 0.98858 704
1590550797684 0.9887 705
1590550811785 0.98858 706
1590550826382 0.98862 707
1590550840203 0.98844 708
1590550853966 0.9885 709
1590550868804 0.98834 710
1590550882987 0.9885 711
1590550897172 0.98856 712
1590550911128 0.9885 713
1590550925106 0.98858 714
1590550939564 0.98868 715
1590550953347 0.9886 716
1590550967477 0.98862 717
1590550981715 0.98834 718
1590550995963 0.98852 719
1590551010359 0.98866 720
1590551024524 0.98836 721
1590551038874 0.9885 722
1590551052838 0.98844 723
1590551066679 0.98848 724
1590551080897 0.98858 725
1590551095222 0.98866 726
1590551109309 0.98862 727
1590551123954 0.98852 728
1590551137923 0.9887 729
1590551152024 0.98854 730
1590551166370 0.98854 731
1590551180382 0.98866 732
1590551195424 0.98826 733
1590551209481 0.98872 734
1590551223686 0.98842 735
1590551237912 0.98826 736
1590551252221 0.98846 737
1590551266002 0.9887 738
1590551280240 0.9883 739
1590551295025 0.98854 740
1590551309039 0.98836 741
1590551322798 0.98852 742
1590551336593 0.98854 743
1590551350245 0.98844 744
1590551364357 0.98856 745
1590551378450 0.9885 746
1590551392485 0.9882 747
1590551406465 0.9886 748
1590551420542 0.98862 749
1590551434852 0.98848 750
1590551449222 0.98852 751
1590551463195 0.98848 752
1590551477214 0.98848 753
1590551491732 0.98862 754
1590551505564 0.98842 755
1590551520040 0.98844 756
1590551534898 0.98868 757
1590551549150 0.98852 758
1590551563042 0.98866 759
1590551577361 0.98844 760
1590551590871 0.98834 761
1590551605049 0.98852 762
1590551619398 0.98842 763
1590551633202 0.98824 764
1590551647126 0.98848 765
1590551661515 0.98856 766
1590551675443 0.98866 767
1590551689320 0.98854 768
1590551703688 0.98848 769
1590551718404 0.98846 770
1590551732163 0.98844 771
1590551746280 0.98872 772
1590551760784 0.98864 773
1590551774790 0.98872 774
1590551788782 0.98826 775
1590551802882 0.98866 776
1590551817341 0.9883 777
1590551831256 0.98848 778
1590551845409 0.98846 779
1590551859528 0.98842 780
1590551874202 0.98856 781
1590551888054 0.9885 782
1590551902802 0.98848 783
1590551916641 0.98866 784
1590551930613 0.98858 785
1590551945138 0.98842 786
1590551959095 0.98852 787
1590551972896 0.98862 788
1590551986902 0.98856 789
1590552001002 0.98852 790
1590552015779 0.98828 791
1590552029949 0.98824 792
1590552043994 0.9886 793
1590552058219 0.98846 794
1590552072094 0.98844 795
1590552086487 0.98852 796
1590552101152 0.98854 797
1590552115740 0.98834 798
1590552129996 0.98822 799
1590552144217 0.9885 800
1590552158331 0.98846 801
1590552173058 0.98816 802
1590552187769 0.9887 803
1590552201921 0.98868 804
1590552216450 0.98858 805
1590552230665 0.98852 806
1590552245116 0.9884 807
1590552259561 0.98846 808
1590552273594 0.98832 809
1590552287703 0.98882 810
1590552302158 0.98856 811
1590552316121 0.98864 812
1590552330278 0.98842 813
1590552344517 0.98832 814
1590552359017 0.98856 815
1590552373519 0.98866 816
1590552387543 0.98856 817
1590552401379 0.98844 818
1590552415444 0.98834 819
1590552429059 0.98882 820
1590552444010 0.98852 821
1590552458310 0.9883 822
1590552472688 0.98836 823
1590552486795 0.98838 824
1590552501402 0.98876 825
1590552516050 0.98842 826
1590552531009 0.9887 827
1590552544953 0.9886 828
1590552558933 0.98846 829
1590552573092 0.9886 830
1590552587170 0.98844 831
1590552601147 0.98876 832
1590552615846 0.98856 833
1590552629643 0.9888 834
1590552643453 0.98856 835
1590552658221 0.98852 836
1590552672256 0.9885 837
1590552686737 0.98854 838
1590552701215 0.98864 839
1590552716246 0.98814 840
1590552730670 0.98842 841
1590552745542 0.98834 842
1590552759806 0.98864 843
1590552773833 0.98872 844
1590552788765 0.9887 845
1590552802714 0.98852 846
1590552816858 0.9884 847
1590552830793 0.98838 848
1590552844890 0.9884 849
1590552859098 0.98864 850
1590552873236 0.98856 851
1590552887321 0.98818 852
1590552901406 0.98832 853
1590552915290 0.98848 854
1590552929591 0.98842 855
1590552943589 0.98816 856
1590552957933 0.98848 857
1590552972591 0.98862 858
1590552987427 0.98848 859
1590553001688 0.98838 860
1590553015785 0.98824 861
1590553029720 0.98842 862
1590553043721 0.9883 863
1590553058478 0.98868 864
1590553072413 0.98844 865
1590553086497 0.98866 866
1590553100949 0.98852 867
1590553115332 0.98852 868
1590553129401 0.9885 869
1590553143775 0.98866 870
1590553158029 0.98856 871
1590553172934 0.98848 872
1590553186922 0.98844 873
1590553200862 0.98854 874
1590553214811 0.98852 875
1590553229234 0.9884 876
1590553243195 0.98844 877
1590553257349 0.98828 878
1590553272131 0.98852 879
1590553286787 0.98848 880
1590553300678 0.98856 881
1590553314775 0.98868 882
1590553328776 0.98864 883
1590553342748 0.98848 884
1590553356876 0.98858 885
1590553371115 0.9884 886
1590553385740 0.98842 887
1590553400461 0.98842 888
1590553414530 0.98836 889
1590553428892 0.98866 890
1590553443135 0.98854 891
1590553457571 0.98852 892
1590553471922 0.9883 893
1590553485810 0.98848 894
1590553500493 0.98832 895
1590553514695 0.9885 896
1590553528744 0.98832 897
1590553542913 0.98852 898
1590553556891 0.9886 899
1590553571028 0.9885 900
1590553585510 0.98852 901
1590553600123 0.98824 902
1590553615151 0.98834 903
1590553629662 0.98846 904
1590553644041 0.9884 905
1590553658239 0.98848 906
1590553672353 0.98852 907
1590553687244 0.98854 908
1590553701477 0.98842 909
1590553715540 0.98838 910
1590553729491 0.9885 911
1590553743561 0.98872 912
1590553758173 0.98854 913
1590553772261 0.98856 914
1590553786744 0.98834 915
1590553800719 0.98842 916
1590553814593 0.98852 917
1590553828812 0.98866 918
1590553842988 0.98854 919
1590553856912 0.98856 920
1590553870968 0.9886 921
1590553884965 0.98836 922
1590553898946 0.98842 923
1590553913074 0.98842 924
1590553927824 0.98842 925
1590553942209 0.98838 926
1590553956219 0.98826 927
1590553970632 0.98846 928
1590553984881 0.98842 929
1590553999419 0.98846 930
1590554013368 0.98842 931
1590554027280 0.98848 932
1590554041352 0.98856 933
1590554055172 0.98848 934
1590554069663 0.98842 935
1590554084235 0.9883 936
1590554098998 0.98864 937
1590554113092 0.98852 938
1590554127151 0.9886 939
1590554141176 0.98818 940
1590554156005 0.98826 941
1590554170370 0.98854 942
1590554184298 0.98846 943
1590554199300 0.98838 944
1590554213399 0.9885 945
1590554227889 0.98826 946
1590554242103 0.98834 947
1590554256648 0.98836 948
1590554270834 0.98866 949
1590554284722 0.98848 950
1590554298734 0.98848 951
1590554313509 0.98862 952
1590554327763 0.98848 953
1590554341830 0.98846 954
1590554355660 0.98826 955
1590554370438 0.98854 956
1590554384963 0.98854 957
1590554399551 0.98844 958
1590554413957 0.98854 959
1590554428064 0.98848 960
1590554442616 0.98852 961
1590554456712 0.98832 962
1590554470667 0.98872 963
1590554484999 0.98872 964
1590554499384 0.9885 965
1590554514069 0.98858 966
1590554528221 0.98858 967
1590554543295 0.98848 968
1590554557103 0.98862 969
1590554571218 0.98858 970
1590554585666 0.9886 971
1590554600578 0.9883 972
1590554614349 0.9886 973
1590554628652 0.98836 974
1590554642852 0.98846 975
1590554657186 0.98886 976
1590554671255 0.98858 977
1590554685932 0.98866 978
1590554699663 0.98856 979
1590554714687 0.98836 980
1590554728915 0.9887 981
1590554743036 0.98866 982
1590554757283 0.98822 983
1590554772161 0.98846 984
1590554786565 0.98856 985
1590554800717 0.98838 986
1590554814764 0.98838 987
1590554829055 0.98878 988
1590554843100 0.98846 989
1590554857785 0.9884 990
1590554872274 0.98834 991
1590554886565 0.98842 992
1590554901011 0.98848 993
1590554914945 0.98848 994
1590554929558 0.98838 995
1590554943628 0.98828 996
1590554958321 0.98854 997
1590554972634 0.98862 998
1590554986963 0.98864 999
1590555000916 0.98828 1000
